"copies_sold","reviewscore"
390889,90
390889,70
390889,89
390889,95
390889,92
390889,87
390889,67
395147,100
395147,67
395147,80
395147,64
402506,68
402506,50
402506,57
402506,82
402506,90
402506,54
402506,56
402506,73
402506,94
402506,67
402506,88
402506,89
126433,64
126433,93
126433,97
126433,90
126433,77
375103,55
375103,94
177080,81
177080,83
177080,93
73547,80
73547,61
73547,73
73547,83
364829,77
364829,51
364829,70
364829,52
364829,63
34674,84
34674,93
34674,52
34674,88
285484,95
109440,81
109440,94
109440,73
109440,59
109440,92
307225,53
307225,87
307225,99
251074,98
251074,66
251074,55
251074,86
251074,95
251074,82
251074,70
251074,91
251074,90
251074,71
251074,90
396037,90
396037,93
396037,76
396037,92
392913,76
392913,86
392913,84
392913,68
392913,97
256972,93
256972,73
256972,95
256972,89
256972,58
256972,63
256972,61
256972,50
256972,93
255616,80
255616,87
255616,80
255616,93
255616,74
255616,65
255616,61
351682,86
351682,72
351682,77
351682,76
351682,51
351682,74
351682,92
441667,95
281034,74
281034,91
296903,74
296903,91
225716,90
225716,58
225716,71
225716,99
225716,69
27363,61
27363,84
27363,61
27363,91
27363,87
27363,96
27363,76
27363,91
27363,97
111970,71
111970,96
400103,62
400103,72
400103,99
400103,83
499704,81
499704,94
499704,73
499704,59
499704,92
247576,62
247576,96
247576,56
247576,93
28307,72
36975,92
36975,64
36975,50
36975,68
105522,53
105522,87
105522,99
126066,86
126066,92
126066,56
60973,80
60973,90
60973,92
60973,86
60973,64
367721,62
367721,80
367721,84
367721,89
367721,99
318662,66
318662,80
318662,61
318662,74
318662,98
318662,75
318662,56
318662,100
318662,76
57674,56
57674,75
57674,81
57674,61
302883,91
302883,74
302883,73
302883,52
302883,75
302883,72
104981,82
104981,83
104981,51
104981,96
104981,61
436458,98
436458,52
436458,52
406002,88
406002,81
406002,82
406002,93
406002,69
423328,94
423328,97
423328,55
423328,92
423328,84
423328,75
423328,81
423328,68
423328,93
423328,80
22532,99
22532,81
22532,63
22532,78
22532,93
22532,92
22532,69
22532,60
347827,64
347827,98
347827,79
340499,73
340499,54
340499,57
340499,79
340499,72
340499,61
340499,76
340499,96
432138,61
432138,70
432138,72
190890,87
190890,93
190890,95
190890,78
190890,66
229320,73
229320,86
229320,82
229320,94
229320,70
342027,65
342027,74
407135,73
407135,66
407135,92
407135,88
407135,72
407135,82
407135,86
407135,71
433922,98
433922,96
436542,67
436542,68
436542,54
436542,81
436542,57
436542,58
436542,64
436542,62
128854,82
128854,78
128854,53
351323,62
351323,72
351323,99
351323,83
260158,73
260158,67
112211,63
112211,85
112211,64
147621,64
147621,93
147621,97
147621,90
147621,77
271861,81
271861,95
271861,60
378526,74
378526,56
378526,68
378526,82
378526,97
398496,66
398496,91
398496,89
398496,91
398496,71
398496,53
339639,61
339639,70
339639,72
10040,72
10040,100
10040,73
10040,99
10040,68
213022,98
213022,52
213022,52
305902,64
305902,98
305902,79
279355,99
279355,81
279355,63
279355,78
279355,93
279355,92
279355,69
279355,60
289562,96
289562,80
289562,72
289562,52
289562,71
289562,85
289562,73
238893,65
238893,74
121868,94
121868,97
121868,55
121868,92
121868,84
121868,75
121868,81
121868,68
121868,93
121868,80
166438,94
166438,97
166438,55
166438,92
166438,84
166438,75
166438,81
166438,68
166438,93
166438,80
499533,81
388241,73
388241,66
388241,92
388241,88
388241,72
388241,82
388241,86
388241,71
310113,99
310113,71
310113,86
53704,79
53704,52
53704,70
53704,68
53704,82
53704,62
190205,73
190205,86
190205,82
190205,94
190205,70
372205,82
372205,68
372205,89
372205,90
24863,83
24863,60
24863,61
24863,99
24863,50
24863,50
24863,59
24863,90
366647,86
366647,92
366647,56
258361,89
258361,76
258361,82
258361,50
150075,89
150075,80
150075,79
150075,91
150075,81
150075,58
179628,81
494388,80
494388,87
494388,76
211086,61
211086,70
211086,72
331010,83
331010,60
331010,61
331010,99
331010,50
331010,50
331010,59
331010,90
426272,80
426272,90
426272,92
426272,86
426272,64
131123,94
131123,97
131123,55
131123,92
131123,84
131123,75
131123,81
131123,68
131123,93
131123,80
219195,83
219195,79
219195,93
237199,74
237199,64
237199,74
237199,63
237199,99
225830,86
225830,81
225830,94
225830,63
225830,60
225830,76
225830,95
32578,62
32578,61
32578,66
32578,92
32578,64
111637,65
111637,87
111637,83
83343,66
83343,91
83343,89
83343,91
83343,71
83343,53
40355,73
40355,84
40355,82
40355,81
40355,54
237193,89
237193,80
237193,79
237193,91
237193,81
237193,58
122360,55
122360,94
369567,71
369567,96
123381,65
123381,87
123381,83
347650,66
347650,99
347650,62
347650,88
347650,67
286507,83
286507,79
286507,93
477269,98
477269,96
32267,96
32267,64
32267,98
32267,81
32267,54
32267,57
393669,53
393669,53
393669,79
66197,95
367861,86
367861,72
367861,77
367861,76
367861,51
367861,74
367861,92
284105,89
284105,78
284105,59
314543,92
314543,64
314543,50
314543,68
169989,85
169989,74
169989,62
169989,85
169989,62
169989,59
169989,80
169989,88
121022,93
121022,58
121022,67
121022,66
121022,56
121022,96
401954,98
401954,96
401088,79
401088,76
401088,90
401088,74
401088,91
401088,97
401088,88
342578,74
342578,64
342578,74
342578,63
342578,99
307881,55
307881,67
307881,91
307881,93
307881,90
48837,89
48837,80
48837,79
48837,91
48837,81
48837,58
175749,56
175749,74
175749,95
175749,82
175749,98
175749,67
450699,53
450699,56
450699,58
450699,91
450699,61
450699,68
450699,52
364684,89
364684,78
364684,59
496553,67
496553,93
496553,72
496553,100
496553,79
496553,52
239459,67
239459,68
239459,54
239459,81
239459,57
239459,58
239459,64
239459,62
170488,66
170488,80
170488,61
170488,74
170488,98
170488,75
170488,56
170488,100
170488,76
433499,60
243208,72
243208,88
243208,51
243208,91
243208,88
243208,78
272811,56
272811,74
272811,58
272811,68
272811,93
262353,74
262353,64
262353,74
262353,63
262353,99
141014,66
141014,68
141014,54
141014,79
141014,55
141014,70
141014,50
141014,91
141014,81
230699,69
230699,64
230699,52
230699,57
230699,98
331313,66
331313,91
331313,89
331313,91
331313,71
331313,53
163922,61
163922,100
163922,66
163922,56
163922,85
163922,90
163922,72
214904,72
214904,100
214904,73
214904,99
214904,68
242931,94
242931,97
242931,55
242931,92
242931,84
242931,75
242931,81
242931,68
242931,93
242931,80
262292,58
262292,92
262292,100
262292,93
262292,85
144353,84
144353,93
144353,52
144353,88
128785,71
128785,96
202109,81
202109,95
202109,60
392272,90
392272,58
392272,71
392272,99
392272,69
406104,84
406104,93
406104,52
406104,88
267200,98
267200,96
381659,68
381659,76
381659,60
381659,62
346999,61
346999,70
346999,72
283371,73
283371,66
283371,92
283371,88
283371,72
283371,82
283371,86
283371,71
290363,76
290363,86
290363,84
290363,68
290363,97
490083,56
490083,74
490083,95
490083,82
490083,98
490083,67
126202,58
126202,67
126202,59
126202,88
126202,85
126202,92
126202,78
126202,92
126202,62
126202,99
449797,72
449797,88
449797,51
449797,91
449797,88
449797,78
391439,90
391439,70
391439,89
391439,95
391439,92
391439,87
391439,67
203416,80
203416,61
203416,73
203416,83
67189,72
67189,68
67189,50
67189,56
456973,62
456973,61
456973,66
456973,92
456973,64
276749,71
276749,96
76578,74
76578,56
76578,68
76578,82
76578,97
40231,89
40231,80
40231,79
40231,91
40231,81
40231,58
327767,56
327767,64
327767,75
327767,97
327767,98
327767,73
327767,92
327767,71
327767,87
327767,71
447570,96
447570,80
447570,72
447570,52
447570,71
447570,85
447570,73
200234,81
200234,83
200234,93
466273,69
466273,64
466273,52
466273,57
466273,98
324726,74
324726,55
324726,64
324726,62
324726,66
359822,55
359822,94
48384,55
48384,67
48384,91
48384,93
48384,90
333266,62
333266,61
333266,66
333266,92
333266,64
364856,68
364856,76
364856,60
364856,62
171065,99
171065,60
171065,62
171065,50
171065,65
171065,82
197524,83
197524,87
279484,72
279484,88
279484,51
279484,91
279484,88
279484,78
416508,97
416508,89
416508,99
416508,93
42402,62
42402,72
42402,99
42402,83
127264,50
127264,68
122733,82
122733,78
122733,53
241947,62
241947,80
241947,84
241947,89
241947,99
472286,95
287574,73
287574,84
287574,82
287574,81
287574,54
496575,99
496575,81
496575,63
496575,78
496575,93
496575,92
496575,69
496575,60
335987,63
335987,80
335987,86
335987,58
335987,56
335987,50
240513,88
240513,81
240513,82
240513,93
240513,69
448393,73
448393,66
448393,92
448393,88
448393,72
448393,82
448393,86
448393,71
200944,58
200944,67
200944,59
200944,88
200944,85
200944,92
200944,78
200944,92
200944,62
200944,99
156122,91
156122,63
156122,78
156122,66
156122,79
156122,56
208516,64
208516,93
208516,97
208516,90
208516,77
454544,74
454544,85
454544,92
454544,88
454544,60
454544,73
261428,55
261428,94
421443,63
421443,85
421443,64
100683,85
100683,74
100683,62
100683,85
100683,62
100683,59
100683,80
100683,88
378974,92
378974,78
378974,84
378974,95
378974,92
378974,76
378974,62
378974,96
474643,92
474643,64
474643,50
474643,68
232118,79
384967,88
384967,56
384967,60
384967,95
384967,80
384967,94
384967,63
384967,56
384967,91
172294,84
172294,93
172294,52
172294,88
70289,52
70289,52
70289,50
70289,52
70289,94
264084,65
264084,74
480224,73
480224,66
480224,92
480224,88
480224,72
480224,82
480224,86
480224,71
457338,99
457338,85
457338,56
457338,83
457338,100
40478,100
40478,57
40478,69
40478,70
380698,56
380698,64
380698,75
380698,97
380698,98
380698,73
380698,92
380698,71
380698,87
380698,71
48344,56
48344,64
48344,75
48344,97
48344,98
48344,73
48344,92
48344,71
48344,87
48344,71
282318,99
282318,85
282318,73
282318,93
353755,65
353755,87
353755,83
432183,73
432183,50
432183,82
432183,50
432183,85
432183,81
432183,51
123590,89
123590,80
123590,79
123590,91
123590,81
123590,58
464593,54
464593,87
464593,85
464593,98
464593,74
464593,64
464593,63
464593,98
117060,66
117060,66
117060,98
117060,63
117060,52
117060,71
477781,88
477781,81
477781,82
477781,93
477781,69
62171,92
62171,78
62171,84
62171,95
62171,92
62171,76
62171,62
62171,96
160574,89
160574,78
160574,59
124102,100
124102,84
124102,75
238839,64
238839,98
238839,79
366158,52
366158,52
366158,50
366158,52
366158,94
390162,77
390162,51
390162,70
390162,52
390162,63
52915,61
52915,70
52915,72
493334,63
493334,53
493334,81
195264,66
195264,78
195264,98
195264,62
195264,79
195264,79
499364,67
499364,56
499364,82
499364,55
499364,50
499364,53
360493,64
360493,98
360493,79
189048,94
189048,60
100514,99
100514,85
100514,73
100514,93
348481,82
348481,52
348481,93
348481,64
314076,53
314076,87
314076,99
175854,98
175854,52
175854,52
297001,64
297001,76
297001,94
297001,83
297001,84
297001,67
291564,74
291564,87
291564,89
291564,94
291564,98
427273,89
427273,55
427273,79
78360,60
69153,52
69153,52
69153,50
69153,52
69153,94
58633,74
58633,91
188822,67
188822,56
188822,82
188822,55
188822,50
188822,53
9273,79
9273,76
9273,90
9273,74
9273,91
9273,97
9273,88
67457,81
67457,94
67457,73
67457,59
67457,92
391943,66
391943,66
391943,98
391943,63
391943,52
391943,71
408904,56
408904,74
408904,58
408904,68
408904,93
58175,61
58175,71
58175,90
58175,79
58175,57
58175,67
496670,94
496670,52
496670,54
496670,50
477447,68
477447,50
477447,57
477447,82
477447,90
477447,54
477447,56
477447,73
477447,94
477447,67
477447,88
477447,89
338295,80
338295,87
338295,80
338295,93
338295,74
338295,65
338295,61
445228,67
445228,93
445228,72
445228,100
445228,79
445228,52
57603,61
57603,70
57603,72
39530,93
39530,88
39530,67
39530,81
78769,66
78769,66
78769,98
78769,63
78769,52
78769,71
328322,66
328322,99
328322,59
328322,52
328322,66
328322,87
171490,62
171490,72
171490,99
171490,83
155611,71
155611,96
226548,62
226548,61
226548,66
226548,92
226548,64
448108,61
448108,100
448108,66
448108,56
448108,85
448108,90
448108,72
226480,61
226480,71
226480,90
226480,79
226480,57
226480,67
178697,71
178697,96
383527,78
383527,61
383527,60
383527,98
383527,77
164852,62
164852,80
164852,84
164852,89
164852,99
361092,90
361092,70
361092,89
361092,95
361092,92
361092,87
361092,67
51627,73
51627,50
51627,82
51627,50
51627,85
51627,81
51627,51
32447,54
32447,87
32447,85
32447,98
32447,74
32447,64
32447,63
32447,98
352279,99
352279,85
352279,73
352279,93
459021,63
459021,80
459021,86
459021,58
459021,56
459021,50
151800,95
303995,56
303995,90
303995,60
303995,58
303995,64
303995,60
303995,75
303995,75
345318,73
345318,66
345318,92
345318,88
345318,72
345318,82
345318,86
345318,71
184560,77
184560,80
184560,66
184560,89
184560,61
400824,63
400824,53
400824,81
424216,60
424216,67
424216,80
424216,75
430091,77
430091,80
430091,66
430091,89
430091,61
488107,98
488107,96
144272,95
4201,97
4201,89
4201,99
4201,93
345637,67
345637,93
345637,72
345637,100
345637,79
345637,52
389481,80
389481,87
389481,80
389481,93
389481,74
389481,65
389481,61
279125,66
279125,78
279125,98
279125,62
279125,79
279125,79
238841,73
238841,54
238841,57
238841,79
238841,72
238841,61
238841,76
238841,96
164387,73
164387,67
45541,83
45541,60
45541,61
45541,99
45541,50
45541,50
45541,59
45541,90
396541,74
396541,85
396541,92
396541,88
396541,60
396541,73
143660,74
143660,64
143660,74
143660,63
143660,99
255626,74
255626,64
255626,74
255626,63
255626,99
114020,66
114020,52
114020,58
114020,59
114020,55
114020,57
114020,69
356722,69
356722,64
356722,52
356722,57
356722,98
162700,94
162700,52
162700,54
162700,50
315218,99
315218,60
315218,62
315218,50
315218,65
315218,82
159030,82
159030,52
159030,93
159030,64
134965,58
134965,92
134965,100
134965,93
134965,85
5052,50
5052,68
93114,88
93114,56
93114,60
93114,95
93114,80
93114,94
93114,63
93114,56
93114,91
369926,56
369926,70
369926,78
369926,80
369926,76
369926,66
369926,64
437917,63
437917,85
437917,64
452812,92
452812,64
452812,50
452812,68
242043,82
242043,83
242043,51
242043,96
242043,61
226068,58
226068,67
226068,59
226068,88
226068,85
226068,92
226068,78
226068,92
226068,62
226068,99
336618,84
336618,93
336618,52
336618,88
213353,53
213353,87
213353,99
421123,87
421123,93
421123,95
421123,78
421123,66
47205,55
47205,67
47205,91
47205,93
47205,90
229419,67
229419,93
229419,72
229419,100
229419,79
229419,52
208495,95
117167,66
117167,90
117167,91
268640,66
268640,80
268640,61
268640,74
268640,98
268640,75
268640,56
268640,100
268640,76
102661,72
430364,97
430364,80
430364,97
430364,53
77778,62
77778,80
77778,84
77778,89
77778,99
316830,77
316830,51
316830,70
316830,52
316830,63
93875,89
93875,78
93875,59
296559,56
296559,75
296559,81
296559,61
485522,80
485522,90
485522,92
485522,86
485522,64
328429,56
328429,74
328429,95
328429,82
328429,98
328429,67
80145,74
80145,61
232844,88
232844,81
232844,82
232844,93
232844,69
30450,63
30450,85
30450,64
163743,82
163743,78
163743,53
30826,64
30826,98
30826,79
338990,72
338990,100
338990,73
338990,99
338990,68
266849,75
266849,76
266849,59
266849,82
266849,50
291621,92
291621,64
291621,50
291621,68
342750,81
342750,95
342750,60
250366,72
250366,68
250366,50
250366,56
237203,89
237203,76
237203,82
237203,50
45212,56
45212,90
45212,60
45212,58
45212,64
45212,60
45212,75
45212,75
21521,100
21521,67
21521,80
21521,64
231383,99
231383,71
231383,86
84228,89
84228,70
84228,95
84228,53
204117,74
204117,56
204117,68
204117,82
204117,97
314464,83
314464,60
314464,61
314464,99
314464,50
314464,50
314464,59
314464,90
176452,66
176452,66
176452,98
176452,63
176452,52
176452,71
293533,75
293533,76
293533,59
293533,82
293533,50
380444,80
380444,61
380444,73
380444,83
306523,100
306523,57
306523,69
306523,70
344961,93
344961,64
344961,84
344961,100
198488,96
198488,80
198488,72
198488,52
198488,71
198488,85
198488,73
369485,99
369485,71
369485,86
352512,63
352512,80
352512,86
352512,58
352512,56
352512,50
10558,56
10558,74
10558,58
10558,68
10558,93
499686,82
499686,52
499686,93
499686,64
255946,79
255946,52
255946,70
255946,68
255946,82
255946,62
82235,82
82235,83
82235,51
82235,96
82235,61
54026,56
54026,90
54026,60
54026,58
54026,64
54026,60
54026,75
54026,75
464303,99
464303,71
464303,86
177561,88
177561,56
177561,60
177561,95
177561,80
177561,94
177561,63
177561,56
177561,91
81872,53
81872,56
81872,58
81872,91
81872,61
81872,68
81872,52
405277,96
405277,64
405277,98
405277,81
405277,54
405277,57
23907,72
23907,88
23907,51
23907,91
23907,88
23907,78
378270,67
378270,56
378270,82
378270,55
378270,50
378270,53
150384,60
150384,61
150384,70
150384,61
126393,95
193854,58
193854,67
193854,59
193854,88
193854,85
193854,92
193854,78
193854,92
193854,62
193854,99
404407,88
404407,55
404407,89
404407,51
404407,69
277540,81
277540,94
277540,73
277540,59
277540,92
421090,92
421090,78
421090,84
421090,95
421090,92
421090,76
421090,62
421090,96
337162,73
337162,66
337162,92
337162,88
337162,72
337162,82
337162,86
337162,71
490838,89
490838,76
490838,82
490838,50
447256,99
447256,85
447256,73
447256,93
401092,53
401092,56
401092,58
401092,91
401092,61
401092,68
401092,52
475641,66
475641,52
475641,58
475641,59
475641,55
475641,57
475641,69
49084,93
49084,73
49084,95
49084,89
49084,58
49084,63
49084,61
49084,50
49084,93
488835,74
488835,91
208856,72
208856,68
208856,50
208856,56
203462,93
203462,88
203462,67
203462,81
15778,81
15778,83
15778,93
341766,66
341766,90
341766,91
21081,55
21081,94
436741,92
436741,78
436741,84
436741,95
436741,92
436741,76
436741,62
436741,96
236196,98
236196,66
236196,55
236196,86
236196,95
236196,82
236196,70
236196,91
236196,90
236196,71
236196,90
135177,66
135177,78
135177,98
135177,62
135177,79
135177,79
493949,77
493949,80
493949,97
493949,62
407937,55
407937,94
64883,74
64883,85
64883,92
64883,88
64883,60
64883,73
335994,87
335994,93
335994,95
335994,78
335994,66
439665,50
439665,68
9616,66
9616,52
9616,58
9616,59
9616,55
9616,57
9616,69
377724,100
377724,57
377724,69
377724,70
1820,63
1820,85
1820,64
219401,81
45886,99
45886,71
45886,86
276806,76
276806,86
276806,84
276806,68
276806,97
267140,61
267140,100
267140,66
267140,56
267140,85
267140,90
267140,72
458877,89
458877,80
458877,79
458877,91
458877,81
458877,58
203837,73
203837,50
203837,82
203837,50
203837,85
203837,81
203837,51
9515,59
9515,99
9515,54
9515,78
9515,89
9515,78
9515,82
127419,89
127419,76
127419,82
127419,50
397717,66
397717,90
397717,91
185706,76
185706,86
185706,84
185706,68
185706,97
92797,82
92797,78
92797,53
332211,97
332211,89
332211,99
332211,93
376413,87
376413,93
376413,95
376413,78
376413,66
106691,94
106691,52
106691,54
106691,50
166463,95
428507,76
428507,86
428507,84
428507,68
428507,97
20199,81
20199,95
20199,60
453008,74
453008,85
453008,92
453008,88
453008,60
453008,73
144244,99
144244,85
144244,73
144244,93
467347,67
467347,93
467347,72
467347,100
467347,79
467347,52
470047,75
470047,76
470047,59
470047,82
470047,50
261153,50
261153,68
42380,83
42380,87
286985,91
286985,63
286985,78
286985,66
286985,79
286985,56
42979,73
42979,67
161692,60
161692,61
161692,70
161692,61
224407,96
224407,64
224407,98
224407,81
224407,54
224407,57
185311,60
185311,61
185311,70
185311,61
457150,63
457150,85
457150,64
144946,99
144946,60
144946,62
144946,50
144946,65
144946,82
335240,86
335240,72
335240,77
335240,76
335240,51
335240,74
335240,92
421005,73
421005,84
421005,82
421005,81
421005,54
445947,74
445947,61
36249,67
36249,56
36249,82
36249,55
36249,50
36249,53
190871,75
190871,76
190871,59
190871,82
190871,50
318243,77
318243,51
318243,70
318243,52
318243,63
498456,64
498456,98
498456,79
401076,82
401076,83
401076,51
401076,96
401076,61
278589,89
278589,70
278589,95
278589,53
341556,63
341556,53
341556,81
14586,81
203892,54
203892,87
203892,85
203892,98
203892,74
203892,64
203892,63
203892,98
407304,61
407304,84
407304,61
407304,91
407304,87
407304,96
407304,76
407304,91
407304,97
113496,55
113496,94
105951,99
105951,85
105951,73
105951,93
238000,79
238000,76
238000,90
238000,74
238000,91
238000,97
238000,88
47027,81
47027,83
47027,93
373003,66
373003,66
373003,98
373003,63
373003,52
373003,71
153233,68
153233,76
153233,60
153233,62
373015,79
373015,76
373015,90
373015,74
373015,91
373015,97
373015,88
118567,99
118567,85
118567,73
118567,93
73811,67
73811,56
73811,82
73811,55
73811,50
73811,53
190213,61
190213,100
190213,66
190213,56
190213,85
190213,90
190213,72
246055,61
246055,100
246055,66
246055,56
246055,85
246055,90
246055,72
464599,67
464599,68
464599,54
464599,81
464599,57
464599,58
464599,64
464599,62
209750,80
209750,87
209750,76
404263,74
404263,56
404263,68
404263,82
404263,97
66707,81
66707,83
66707,93
236916,95
181624,86
181624,92
181624,56
309169,97
309169,89
309169,99
309169,93
264645,99
264645,60
264645,62
264645,50
264645,65
264645,82
81224,88
81224,81
81224,82
81224,93
81224,69
170167,83
170167,79
170167,93
470198,88
470198,55
470198,89
470198,51
470198,69
103918,61
103918,100
103918,66
103918,56
103918,85
103918,90
103918,72
328691,88
328691,81
328691,82
328691,93
328691,69
49983,72
49983,68
49983,50
49983,56
311278,56
311278,75
311278,81
311278,61
346365,99
346365,85
346365,56
346365,83
346365,100
433661,80
433661,87
433661,80
433661,93
433661,74
433661,65
433661,61
498311,93
498311,58
498311,67
498311,66
498311,56
498311,96
111524,58
111524,67
111524,59
111524,88
111524,85
111524,92
111524,78
111524,92
111524,62
111524,99
336015,80
336015,87
336015,80
336015,93
336015,74
336015,65
336015,61
287039,58
287039,92
287039,100
287039,93
287039,85
254202,98
254202,52
254202,52
156941,71
156941,96
32411,73
32411,84
32411,82
32411,81
32411,54
254887,82
254887,78
254887,53
319064,100
319064,57
319064,69
319064,70
168413,99
168413,81
168413,63
168413,78
168413,93
168413,92
168413,69
168413,60
399807,64
399807,98
399807,79
56670,81
56670,83
56670,93
65236,98
65236,96
74860,78
74860,61
74860,60
74860,98
74860,77
496653,75
496653,76
496653,59
496653,82
496653,50
131165,73
131165,84
131165,82
131165,81
131165,54
379078,100
379078,94
379078,81
379078,76
379078,51
379078,85
379078,50
379078,77
84541,50
84541,68
262493,86
262493,81
262493,94
262493,63
262493,60
262493,76
262493,95
48211,93
48211,64
48211,84
48211,100
127211,66
127211,78
127211,98
127211,62
127211,79
127211,79
26510,74
26510,85
26510,92
26510,88
26510,60
26510,73
314271,89
314271,80
314271,79
314271,91
314271,81
314271,58
5287,57
5287,52
5287,81
5287,91
5287,80
463660,65
463660,87
463660,83
401480,86
401480,72
401480,77
401480,76
401480,51
401480,74
401480,92
211020,83
211020,60
211020,61
211020,99
211020,50
211020,50
211020,59
211020,90
103055,56
103055,74
103055,58
103055,68
103055,93
39551,75
39551,76
39551,59
39551,82
39551,50
401767,66
401767,68
401767,54
401767,79
401767,55
401767,70
401767,50
401767,91
401767,81
357724,94
357724,97
357724,55
357724,92
357724,84
357724,75
357724,81
357724,68
357724,93
357724,80
207518,73
207518,50
207518,82
207518,50
207518,85
207518,81
207518,51
493279,89
493279,70
493279,95
493279,53
316864,67
316864,83
316864,66
316864,55
316864,78
316864,54
316864,92
22105,94
22105,52
22105,54
22105,50
375127,66
375127,90
375127,91
240593,80
240593,61
240593,73
240593,83
74285,73
74285,67
86197,93
86197,64
86197,84
86197,100
442766,68
442766,76
442766,60
442766,62
266979,67
266979,83
266979,66
266979,55
266979,78
266979,54
266979,92
372583,80
372583,90
372583,92
372583,86
372583,64
428687,62
428687,96
428687,56
428687,93
162311,74
162311,91
140214,56
140214,75
140214,81
140214,61
379221,83
379221,60
379221,61
379221,99
379221,50
379221,50
379221,59
379221,90
90397,99
90397,71
90397,86
325920,62
325920,72
325920,99
325920,83
127980,79
58616,81
58616,95
58616,60
165465,81
165465,94
165465,73
165465,59
165465,92
363021,64
363021,76
363021,94
363021,83
363021,84
363021,67
407308,89
407308,80
407308,79
407308,91
407308,81
407308,58
33653,92
33653,78
33653,84
33653,95
33653,92
33653,76
33653,62
33653,96
295066,73
295066,67
276501,91
276501,74
276501,73
276501,52
276501,75
276501,72
241996,82
241996,68
241996,89
241996,90
186748,65
186748,87
186748,83
101801,100
101801,67
101801,80
101801,64
157499,83
157499,79
157499,93
152521,74
152521,87
152521,89
152521,94
152521,98
257378,81
257378,83
257378,93
294856,64
294856,93
294856,97
294856,90
294856,77
301667,76
301667,86
301667,84
301667,68
301667,97
430065,99
430065,81
430065,63
430065,78
430065,93
430065,92
430065,69
430065,60
23054,55
23054,94
182594,74
182594,64
182594,74
182594,63
182594,99
392820,80
392820,87
392820,76
435085,100
435085,84
435085,75
365994,65
365994,74
323792,66
323792,91
323792,89
323792,91
323792,71
323792,53
352185,77
352185,80
352185,97
352185,62
123073,83
123073,60
123073,61
123073,99
123073,50
123073,50
123073,59
123073,90
174168,89
174168,80
174168,79
174168,91
174168,81
174168,58
405103,92
405103,78
405103,84
405103,95
405103,92
405103,76
405103,62
405103,96
488115,73
488115,84
488115,82
488115,81
488115,54
491226,90
491226,70
491226,89
491226,95
491226,92
491226,87
491226,67
105572,55
105572,94
339636,94
339636,60
302011,89
302011,55
302011,79
380121,73
380121,96
380121,100
380121,85
380121,74
380121,84
380121,87
463550,73
463550,86
463550,82
463550,94
463550,70
414118,89
414118,78
414118,59
458331,58
458331,92
458331,100
458331,93
458331,85
157443,53
157443,53
157443,79
487777,66
487777,90
487777,91
337232,76
337232,86
337232,84
337232,68
337232,97
467228,90
467228,58
467228,71
467228,99
467228,69
144045,79
144045,52
144045,70
144045,68
144045,82
144045,62
86193,87
86193,93
86193,95
86193,78
86193,66
377752,81
177743,91
177743,63
177743,78
177743,66
177743,79
177743,56
398034,79
398034,52
398034,70
398034,68
398034,82
398034,62
449867,86
449867,72
449867,77
449867,76
449867,51
449867,74
449867,92
172928,67
172928,68
172928,54
172928,81
172928,57
172928,58
172928,64
172928,62
51009,81
170660,100
170660,67
170660,80
170660,64
202103,67
202103,56
202103,82
202103,55
202103,50
202103,53
140981,96
140981,80
140981,72
140981,52
140981,71
140981,85
140981,73
379998,58
379998,67
379998,59
379998,88
379998,85
379998,92
379998,78
379998,92
379998,62
379998,99
343718,56
343718,74
343718,58
343718,68
343718,93
33571,94
33571,97
33571,55
33571,92
33571,84
33571,75
33571,81
33571,68
33571,93
33571,80
84737,86
84737,72
84737,77
84737,76
84737,51
84737,74
84737,92
484973,95
335868,91
335868,63
335868,78
335868,66
335868,79
335868,56
116788,93
116788,73
116788,95
116788,89
116788,58
116788,63
116788,61
116788,50
116788,93
81313,71
81313,96
196887,84
196887,93
196887,52
196887,88
479568,89
479568,80
479568,79
479568,91
479568,81
479568,58
433854,66
433854,78
433854,98
433854,62
433854,79
433854,79
396700,93
396700,88
396700,67
396700,81
277914,56
277914,74
277914,58
277914,68
277914,93
59829,94
59829,60
106988,58
106988,67
106988,59
106988,88
106988,85
106988,92
106988,78
106988,92
106988,62
106988,99
87264,73
87264,67
61943,64
61943,76
61943,94
61943,83
61943,84
61943,67
257286,72
257286,100
257286,73
257286,99
257286,68
424987,99
424987,60
424987,62
424987,50
424987,65
424987,82
270089,84
270089,93
270089,52
270089,88
31270,54
31270,87
31270,85
31270,98
31270,74
31270,64
31270,63
31270,98
424056,86
424056,81
424056,94
424056,63
424056,60
424056,76
424056,95
208591,62
208591,80
208591,84
208591,89
208591,99
115243,56
115243,75
115243,81
115243,61
223139,99
223139,81
223139,63
223139,78
223139,93
223139,92
223139,69
223139,60
284725,94
284725,60
17638,55
17638,94
404162,90
404162,58
404162,71
404162,99
404162,69
339627,81
339627,94
339627,73
339627,59
339627,92
236162,91
236162,74
236162,73
236162,52
236162,75
236162,72
358947,52
358947,52
358947,50
358947,52
358947,94
452037,72
282678,93
282678,64
282678,84
282678,100
382607,83
382607,79
382607,93
12919,68
12919,76
12919,60
12919,62
378012,76
378012,86
378012,84
378012,68
378012,97
199850,56
199850,70
199850,78
199850,80
199850,76
199850,66
199850,64
182487,77
182487,51
182487,70
182487,52
182487,63
220802,62
220802,96
220802,56
220802,93
36279,62
36279,61
36279,66
36279,92
36279,64
235063,74
235063,85
235063,92
235063,88
235063,60
235063,73
24192,67
24192,93
24192,72
24192,100
24192,79
24192,52
283989,66
283989,78
283989,98
283989,62
283989,79
283989,79
265186,58
265186,92
265186,100
265186,93
265186,85
303047,81
303047,83
303047,93
406032,56
406032,74
406032,95
406032,82
406032,98
406032,67
460411,100
460411,57
460411,69
460411,70
116890,72
116890,88
116890,51
116890,91
116890,88
116890,78
32959,77
32959,80
32959,66
32959,89
32959,61
478929,79
478929,76
478929,90
478929,74
478929,91
478929,97
478929,88
224976,77
224976,80
224976,66
224976,89
224976,61
181572,62
181572,72
181572,99
181572,83
366066,84
366066,93
366066,52
366066,88
158227,91
158227,74
158227,73
158227,52
158227,75
158227,72
283029,90
283029,70
283029,89
283029,95
283029,92
283029,87
283029,67
158672,100
158672,57
158672,69
158672,70
295852,72
295852,88
295852,51
295852,91
295852,88
295852,78
278868,90
278868,58
278868,71
278868,99
278868,69
134691,64
134691,76
134691,94
134691,83
134691,84
134691,67
42455,61
42455,71
42455,90
42455,79
42455,57
42455,67
281827,81
281827,95
281827,60
198744,92
198744,64
198744,50
198744,68
422868,54
422868,87
422868,85
422868,98
422868,74
422868,64
422868,63
422868,98
110518,66
110518,90
110518,91
112048,81
112048,95
112048,60
392579,80
392579,87
392579,76
317880,64
317880,76
317880,94
317880,83
317880,84
317880,67
290448,56
290448,74
290448,95
290448,82
290448,98
290448,67
245449,82
245449,68
245449,89
245449,90
162702,61
162702,84
162702,61
162702,91
162702,87
162702,96
162702,76
162702,91
162702,97
463847,50
463847,68
421907,89
421907,80
421907,79
421907,91
421907,81
421907,58
195356,100
195356,94
195356,81
195356,76
195356,51
195356,85
195356,50
195356,77
295924,93
295924,73
295924,95
295924,89
295924,58
295924,63
295924,61
295924,50
295924,93
9503,61
9503,84
9503,61
9503,91
9503,87
9503,96
9503,76
9503,91
9503,97
304637,84
304637,93
304637,52
304637,88
103860,96
103860,80
103860,72
103860,52
103860,71
103860,85
103860,73
299733,98
299733,52
299733,52
344203,99
344203,85
344203,56
344203,83
344203,100
431750,61
431750,70
431750,72
388760,61
388760,70
388760,72
385183,63
385183,85
385183,64
378651,76
378651,86
378651,84
378651,68
378651,97
481719,52
481719,52
481719,50
481719,52
481719,94
275697,79
26435,98
26435,66
26435,55
26435,86
26435,95
26435,82
26435,70
26435,91
26435,90
26435,71
26435,90
442736,89
442736,55
442736,79
80183,61
80183,50
80183,94
80183,62
80183,57
80183,69
80183,64
80183,80
240080,73
240080,50
240080,82
240080,50
240080,85
240080,81
240080,51
335353,73
335353,66
335353,92
335353,88
335353,72
335353,82
335353,86
335353,71
9247,98
9247,66
9247,55
9247,86
9247,95
9247,82
9247,70
9247,91
9247,90
9247,71
9247,90
216659,97
216659,92
379636,64
379636,93
379636,97
379636,90
379636,77
9987,72
9987,68
9987,50
9987,56
226744,73
226744,86
226744,82
226744,94
226744,70
275928,80
275928,61
275928,73
275928,83
325943,99
325943,71
325943,86
141155,56
141155,64
141155,75
141155,97
141155,98
141155,73
141155,92
141155,71
141155,87
141155,71
213875,87
213875,93
213875,95
213875,78
213875,66
366552,83
366552,79
366552,93
435143,93
435143,88
435143,67
435143,81
399241,79
199843,91
199843,74
199843,73
199843,52
199843,75
199843,72
30420,61
30420,50
30420,94
30420,62
30420,57
30420,69
30420,64
30420,80
44351,50
44351,68
412239,96
412239,80
412239,72
412239,52
412239,71
412239,85
412239,73
470128,77
470128,80
470128,97
470128,62
111843,53
111843,53
111843,79
25411,82
25411,83
25411,51
25411,96
25411,61
472498,76
472498,86
472498,84
472498,68
472498,97
18250,73
18250,86
18250,82
18250,94
18250,70
109610,100
109610,57
109610,69
109610,70
487997,82
487997,83
487997,51
487997,96
487997,61
296676,66
296676,91
296676,89
296676,91
296676,71
296676,53
355961,52
355961,52
355961,50
355961,52
355961,94
397156,92
397156,78
397156,84
397156,95
397156,92
397156,76
397156,62
397156,96
42118,72
42118,68
42118,50
42118,56
29152,62
29152,61
29152,66
29152,92
29152,64
440707,82
440707,83
440707,51
440707,96
440707,61
404180,56
404180,64
404180,75
404180,97
404180,98
404180,73
404180,92
404180,71
404180,87
404180,71
333463,65
333463,74
120610,59
120610,99
120610,54
120610,78
120610,89
120610,78
120610,82
227412,81
347382,62
347382,72
347382,99
347382,83
325332,91
325332,63
325332,78
325332,66
325332,79
325332,56
200229,77
200229,51
200229,70
200229,52
200229,63
167030,56
167030,74
167030,58
167030,68
167030,93
3723,86
3723,81
3723,94
3723,63
3723,60
3723,76
3723,95
400164,65
400164,74
46768,81
293020,77
293020,80
293020,66
293020,89
293020,61
55155,74
55155,91
291570,72
291570,100
291570,73
291570,99
291570,68
412271,73
412271,67
154012,72
154012,88
154012,51
154012,91
154012,88
154012,78
45406,54
45406,87
45406,85
45406,98
45406,74
45406,64
45406,63
45406,98
274208,93
274208,64
274208,71
274208,86
89867,92
89867,78
89867,84
89867,95
89867,92
89867,76
89867,62
89867,96
141722,89
141722,78
141722,59
88664,55
88664,67
88664,91
88664,93
88664,90
158156,73
158156,66
158156,92
158156,88
158156,72
158156,82
158156,86
158156,71
132963,100
132963,67
132963,80
132963,64
260943,66
260943,99
260943,62
260943,88
260943,67
72035,88
72035,81
72035,82
72035,93
72035,69
175177,62
175177,72
175177,99
175177,83
176498,83
176498,87
72368,68
72368,76
72368,60
72368,62
497646,65
497646,65
497646,83
497646,72
497646,99
497646,96
94133,56
94133,64
94133,75
94133,97
94133,98
94133,73
94133,92
94133,71
94133,87
94133,71
386285,61
386285,70
386285,72
128100,73
128100,67
429078,93
429078,64
429078,84
429078,100
489671,80
489671,90
489671,92
489671,86
489671,64
287066,97
287066,89
287066,99
287066,93
289410,74
289410,91
495390,74
495390,87
495390,89
495390,94
495390,98
436831,74
436831,55
436831,64
436831,62
436831,66
262778,92
262778,78
262778,84
262778,95
262778,92
262778,76
262778,62
262778,96
127888,85
127888,74
127888,62
127888,85
127888,62
127888,59
127888,80
127888,88
375989,63
375989,80
375989,86
375989,58
375989,56
375989,50
236440,80
236440,87
236440,76
281162,56
281162,90
281162,60
281162,58
281162,64
281162,60
281162,75
281162,75
286026,73
286026,96
286026,100
286026,85
286026,74
286026,84
286026,87
470500,100
470500,84
470500,75
131144,63
131144,85
131144,64
322219,94
322219,52
322219,54
322219,50
356190,67
356190,93
356190,72
356190,100
356190,79
356190,52
226682,57
226682,52
226682,81
226682,91
226682,80
136653,93
136653,73
136653,95
136653,89
136653,58
136653,63
136653,61
136653,50
136653,93
272999,77
272999,80
272999,66
272999,89
272999,61
302589,93
302589,73
302589,95
302589,89
302589,58
302589,63
302589,61
302589,50
302589,93
206066,82
206066,78
206066,53
362987,72
362987,68
362987,50
362987,56
13877,73
13877,66
13877,92
13877,88
13877,72
13877,82
13877,86
13877,71
75278,72
239725,64
239725,76
239725,94
239725,83
239725,84
239725,67
183609,90
183609,70
183609,89
183609,95
183609,92
183609,87
183609,67
379532,61
379532,71
379532,90
379532,79
379532,57
379532,67
158424,94
158424,52
158424,54
158424,50
12841,73
12841,54
12841,57
12841,79
12841,72
12841,61
12841,76
12841,96
356016,96
356016,64
356016,98
356016,81
356016,54
356016,57
271529,79
271529,76
271529,90
271529,74
271529,91
271529,97
271529,88
174533,54
174533,87
174533,85
174533,98
174533,74
174533,64
174533,63
174533,98
122559,86
122559,72
122559,77
122559,76
122559,51
122559,74
122559,92
98720,83
98720,87
387603,66
387603,99
387603,62
387603,88
387603,67
226209,90
226209,93
226209,76
226209,92
113615,64
113615,76
113615,94
113615,83
113615,84
113615,67
369972,66
369972,66
369972,98
369972,63
369972,52
369972,71
420169,100
420169,84
420169,75
171909,66
171909,99
171909,62
171909,88
171909,67
138548,61
138548,70
138548,72
165314,90
165314,93
165314,76
165314,92
308759,66
308759,80
308759,61
308759,74
308759,98
308759,75
308759,56
308759,100
308759,76
444294,87
444294,93
444294,95
444294,78
444294,66
427633,68
427633,76
427633,60
427633,62
45434,90
45434,58
45434,71
45434,99
45434,69
126080,86
126080,81
126080,94
126080,63
126080,60
126080,76
126080,95
196719,100
196719,57
196719,69
196719,70
220277,92
220277,78
220277,84
220277,95
220277,92
220277,76
220277,62
220277,96
222794,81
282741,79
282741,76
282741,90
282741,74
282741,91
282741,97
282741,88
257713,55
257713,94
165930,61
165930,71
165930,90
165930,79
165930,57
165930,67
454782,59
454782,99
454782,54
454782,78
454782,89
454782,78
454782,82
72583,79
72583,52
72583,70
72583,68
72583,82
72583,62
265995,89
265995,78
265995,59
258805,84
258805,93
258805,52
258805,88
257219,96
257219,64
257219,98
257219,81
257219,54
257219,57
17179,93
17179,73
17179,95
17179,89
17179,58
17179,63
17179,61
17179,50
17179,93
145102,83
145102,79
145102,93
89189,87
89189,93
89189,95
89189,78
89189,66
406037,89
406037,78
406037,59
60355,58
60355,67
60355,59
60355,88
60355,85
60355,92
60355,78
60355,92
60355,62
60355,99
407382,76
407382,86
407382,84
407382,68
407382,97
432285,92
432285,64
432285,50
432285,68
287446,66
287446,78
287446,98
287446,62
287446,79
287446,79
386870,100
386870,67
386870,80
386870,64
236789,65
236789,87
236789,83
231199,94
231199,97
231199,55
231199,92
231199,84
231199,75
231199,81
231199,68
231199,93
231199,80
426041,72
332754,60
332754,67
332754,80
332754,75
73999,64
73999,76
73999,94
73999,83
73999,84
73999,67
299883,72
313925,100
313925,84
313925,75
370126,58
370126,92
370126,100
370126,93
370126,85
141164,66
141164,52
141164,58
141164,59
141164,55
141164,57
141164,69
72087,72
72087,88
72087,51
72087,91
72087,88
72087,78
455582,86
455582,92
455582,56
131902,97
131902,80
131902,97
131902,53
435363,100
435363,67
435363,80
435363,64
257617,100
257617,57
257617,69
257617,70
141885,84
141885,93
141885,52
141885,88
40592,72
40592,100
40592,73
40592,99
40592,68
394112,63
394112,53
394112,81
239391,69
239391,64
239391,52
239391,57
239391,98
2296,72
2296,100
2296,73
2296,99
2296,68
333839,59
333839,99
333839,54
333839,78
333839,89
333839,78
333839,82
281192,56
281192,64
281192,75
281192,97
281192,98
281192,73
281192,92
281192,71
281192,87
281192,71
433457,82
433457,52
433457,93
433457,64
170274,88
170274,55
170274,89
170274,51
170274,69
304003,88
304003,56
304003,60
304003,95
304003,80
304003,94
304003,63
304003,56
304003,91
414298,73
414298,54
414298,57
414298,79
414298,72
414298,61
414298,76
414298,96
26380,94
26380,52
26380,54
26380,50
411983,87
411983,93
411983,95
411983,78
411983,66
488290,73
488290,84
488290,82
488290,81
488290,54
1354,60
1354,67
1354,80
1354,75
477791,88
477791,56
477791,60
477791,95
477791,80
477791,94
477791,63
477791,56
477791,91
84349,64
84349,93
84349,97
84349,90
84349,77
189971,85
189971,74
189971,62
189971,85
189971,62
189971,59
189971,80
189971,88
349393,96
349393,64
349393,98
349393,81
349393,54
349393,57
328996,86
328996,81
328996,94
328996,63
328996,60
328996,76
328996,95
396959,89
396959,55
396959,79
48814,78
48814,61
48814,60
48814,98
48814,77
250984,82
250984,83
250984,51
250984,96
250984,61
119589,84
119589,79
119589,84
119589,68
119589,75
119589,99
119589,73
5869,61
5869,50
5869,94
5869,62
5869,57
5869,69
5869,64
5869,80
429400,94
429400,97
429400,55
429400,92
429400,84
429400,75
429400,81
429400,68
429400,93
429400,80
70297,80
70297,87
70297,76
201838,67
201838,68
201838,54
201838,81
201838,57
201838,58
201838,64
201838,62
55107,100
55107,94
55107,81
55107,76
55107,51
55107,85
55107,50
55107,77
72895,62
72895,72
72895,99
72895,83
356014,100
356014,57
356014,69
356014,70
296326,61
296326,50
296326,94
296326,62
296326,57
296326,69
296326,64
296326,80
87044,74
87044,61
112702,80
112702,61
112702,73
112702,83
360958,74
360958,64
360958,74
360958,63
360958,99
471072,62
471072,61
471072,66
471072,92
471072,64
65569,75
65569,76
65569,59
65569,82
65569,50
165890,92
165890,78
165890,84
165890,95
165890,92
165890,76
165890,62
165890,96
316096,88
316096,55
316096,89
316096,51
316096,69
445539,88
445539,81
445539,82
445539,93
445539,69
319204,67
319204,83
319204,66
319204,55
319204,78
319204,54
319204,92
206390,91
206390,63
206390,78
206390,66
206390,79
206390,56
411937,66
411937,91
411937,89
411937,91
411937,71
411937,53
60110,66
60110,91
60110,89
60110,91
60110,71
60110,53
312390,72
312390,86
312390,97
312390,80
190319,81
190319,83
190319,93
452314,53
452314,53
452314,79
287448,79
287448,76
287448,90
287448,74
287448,91
287448,97
287448,88
39268,62
39268,96
39268,56
39268,93
8231,65
8231,87
8231,83
484697,94
484697,60
151202,72
151202,68
151202,50
151202,56
368950,67
368950,93
368950,72
368950,100
368950,79
368950,52
282314,100
282314,84
282314,75
269070,64
269070,76
269070,94
269070,83
269070,84
269070,67
172311,93
172311,64
172311,84
172311,100
401149,66
401149,66
401149,98
401149,63
401149,52
401149,71
230368,66
230368,91
230368,89
230368,91
230368,71
230368,53
46200,55
46200,67
46200,91
46200,93
46200,90
322019,99
322019,60
322019,62
322019,50
322019,65
322019,82
389861,79
389861,76
389861,90
389861,74
389861,91
389861,97
389861,88
372143,92
372143,78
372143,84
372143,95
372143,92
372143,76
372143,62
372143,96
86895,50
86895,68
272173,61
272173,84
272173,61
272173,91
272173,87
272173,96
272173,76
272173,91
272173,97
67548,98
67548,96
405451,80
405451,87
405451,80
405451,93
405451,74
405451,65
405451,61
143596,99
143596,71
143596,86
374462,93
374462,58
374462,67
374462,66
374462,56
374462,96
261124,71
261124,96
30066,50
30066,68
193774,73
193774,84
193774,82
193774,81
193774,54
54951,58
54951,67
54951,59
54951,88
54951,85
54951,92
54951,78
54951,92
54951,62
54951,99
61468,56
61468,70
61468,78
61468,80
61468,76
61468,66
61468,64
2346,94
2346,52
2346,54
2346,50
25107,89
25107,80
25107,79
25107,91
25107,81
25107,58
483463,80
483463,61
483463,73
483463,83
290860,81
290860,94
290860,73
290860,59
290860,92
131161,84
131161,93
131161,52
131161,88
143217,82
143217,83
143217,51
143217,96
143217,61
63600,72
63600,68
63600,50
63600,56
95028,83
95028,79
95028,93
211200,74
211200,55
211200,64
211200,62
211200,66
406551,95
290979,71
290979,96
106209,58
106209,92
106209,100
106209,93
106209,85
160336,98
160336,52
160336,52
311216,89
311216,78
311216,59
473091,76
473091,86
473091,84
473091,68
473091,97
4343,74
4343,56
4343,68
4343,82
4343,97
284925,99
284925,81
284925,63
284925,78
284925,93
284925,92
284925,69
284925,60
460904,61
460904,50
460904,94
460904,62
460904,57
460904,69
460904,64
460904,80
398897,91
398897,74
398897,73
398897,52
398897,75
398897,72
162224,89
162224,76
162224,82
162224,50
125868,81
125868,94
125868,73
125868,59
125868,92
75644,63
75644,53
75644,81
484013,89
484013,55
484013,79
368445,73
368445,50
368445,82
368445,50
368445,85
368445,81
368445,51
45513,56
45513,75
45513,81
45513,61
70999,93
70999,64
70999,84
70999,100
298701,94
298701,60
69528,67
69528,56
69528,82
69528,55
69528,50
69528,53
447123,100
447123,94
447123,81
447123,76
447123,51
447123,85
447123,50
447123,77
437155,73
437155,67
143583,89
143583,55
143583,79
72361,66
72361,99
72361,59
72361,52
72361,66
72361,87
56395,96
56395,64
56395,98
56395,81
56395,54
56395,57
165643,74
165643,56
165643,68
165643,82
165643,97
188845,74
188845,87
188845,89
188845,94
188845,98
243927,65
243927,87
243927,83
83635,88
83635,81
83635,82
83635,93
83635,69
317304,92
317304,64
317304,50
317304,68
78764,72
78764,100
78764,73
78764,99
78764,68
187511,56
187511,64
187511,75
187511,97
187511,98
187511,73
187511,92
187511,71
187511,87
187511,71
356039,68
356039,76
356039,60
356039,62
17295,86
17295,72
17295,77
17295,76
17295,51
17295,74
17295,92
393208,66
393208,68
393208,54
393208,79
393208,55
393208,70
393208,50
393208,91
393208,81
243243,89
243243,76
243243,82
243243,50
7268,94
7268,60
104878,67
104878,93
104878,72
104878,100
104878,79
104878,52
136696,82
136696,83
136696,51
136696,96
136696,61
104678,74
104678,64
104678,74
104678,63
104678,99
475521,96
475521,80
475521,72
475521,52
475521,71
475521,85
475521,73
495026,82
495026,78
495026,53
485511,58
485511,67
485511,59
485511,88
485511,85
485511,92
485511,78
485511,92
485511,62
485511,99
208093,50
208093,68
359200,60
359200,67
359200,80
359200,75
113573,81
234838,80
234838,61
234838,73
234838,83
325626,98
325626,52
325626,52
262562,72
262562,88
262562,51
262562,91
262562,88
262562,78
32970,67
32970,68
32970,54
32970,81
32970,57
32970,58
32970,64
32970,62
72951,81
72951,94
72951,73
72951,59
72951,92
464812,99
464812,71
464812,86
421567,76
421567,86
421567,84
421567,68
421567,97
410949,59
410949,99
410949,54
410949,78
410949,89
410949,78
410949,82
410697,69
410697,64
410697,52
410697,57
410697,98
264398,56
264398,74
264398,95
264398,82
264398,98
264398,67
95275,74
95275,91
115829,80
115829,87
115829,80
115829,93
115829,74
115829,65
115829,61
424967,89
424967,80
424967,79
424967,91
424967,81
424967,58
403046,66
403046,99
403046,59
403046,52
403046,66
403046,87
53499,100
53499,67
53499,80
53499,64
140736,82
140736,68
140736,89
140736,90
401582,93
401582,73
401582,95
401582,89
401582,58
401582,63
401582,61
401582,50
401582,93
187019,79
187019,76
187019,90
187019,74
187019,91
187019,97
187019,88
311650,81
311650,83
311650,93
189105,80
189105,87
189105,80
189105,93
189105,74
189105,65
189105,61
185382,53
185382,53
185382,79
296231,81
296231,95
296231,60
163032,79
163032,76
163032,90
163032,74
163032,91
163032,97
163032,88
48320,99
48320,60
48320,62
48320,50
48320,65
48320,82
115718,53
115718,87
115718,99
1358,96
1358,80
1358,72
1358,52
1358,71
1358,85
1358,73
423809,88
423809,56
423809,60
423809,95
423809,80
423809,94
423809,63
423809,56
423809,91
94040,56
94040,74
94040,95
94040,82
94040,98
94040,67
78443,100
78443,57
78443,69
78443,70
452238,89
452238,70
452238,95
452238,53
370380,56
370380,64
370380,75
370380,97
370380,98
370380,73
370380,92
370380,71
370380,87
370380,71
177454,88
177454,81
177454,82
177454,93
177454,69
83577,55
83577,67
83577,91
83577,93
83577,90
341357,81
341357,83
341357,93
295637,59
295637,99
295637,54
295637,78
295637,89
295637,78
295637,82
309779,79
309779,76
309779,90
309779,74
309779,91
309779,97
309779,88
385824,91
385824,63
385824,78
385824,66
385824,79
385824,56
383117,60
206311,53
206311,53
206311,79
316825,81
316825,83
316825,93
336359,80
336359,90
336359,92
336359,86
336359,64
74737,96
74737,80
74737,72
74737,52
74737,71
74737,85
74737,73
125778,99
125778,81
125778,63
125778,78
125778,93
125778,92
125778,69
125778,60
334545,67
334545,68
334545,54
334545,81
334545,57
334545,58
334545,64
334545,62
336073,66
336073,90
336073,91
140047,74
140047,87
140047,89
140047,94
140047,98
36543,72
57641,60
230753,81
230753,94
230753,73
230753,59
230753,92
259516,91
259516,74
259516,73
259516,52
259516,75
259516,72
197790,62
197790,61
197790,66
197790,92
197790,64
454011,93
454011,58
454011,67
454011,66
454011,56
454011,96
361269,83
361269,79
361269,93
39644,79
168099,61
168099,84
168099,61
168099,91
168099,87
168099,96
168099,76
168099,91
168099,97
180205,93
180205,64
180205,71
180205,86
384770,82
384770,83
384770,51
384770,96
384770,61
178183,73
178183,66
178183,92
178183,88
178183,72
178183,82
178183,86
178183,71
227137,96
227137,64
227137,98
227137,81
227137,54
227137,57
83367,83
83367,60
83367,61
83367,99
83367,50
83367,50
83367,59
83367,90
108767,81
108767,95
108767,60
291514,52
291514,52
291514,50
291514,52
291514,94
148599,68
148599,76
148599,60
148599,62
27023,93
27023,64
27023,84
27023,100
441325,61
441325,70
441325,72
190178,60
155428,80
155428,87
155428,76
14492,64
14492,76
14492,94
14492,83
14492,84
14492,67
153993,93
153993,88
153993,67
153993,81
162665,56
162665,64
162665,75
162665,97
162665,98
162665,73
162665,92
162665,71
162665,87
162665,71
470173,65
470173,87
470173,83
286278,90
286278,93
286278,76
286278,92
465253,62
465253,72
465253,99
465253,83
234714,94
234714,52
234714,54
234714,50
244824,65
244824,87
244824,83
296827,94
296827,60
366151,78
366151,61
366151,60
366151,98
366151,77
181245,52
181245,52
181245,50
181245,52
181245,94
310186,56
310186,70
310186,78
310186,80
310186,76
310186,66
310186,64
441819,90
441819,93
441819,76
441819,92
281763,90
281763,70
281763,89
281763,95
281763,92
281763,87
281763,67
250698,68
250698,76
250698,60
250698,62
474315,79
473097,84
473097,79
473097,84
473097,68
473097,75
473097,99
473097,73
326201,97
326201,80
326201,97
326201,53
236426,79
236426,76
236426,90
236426,74
236426,91
236426,97
236426,88
424866,79
424866,52
424866,70
424866,68
424866,82
424866,62
222970,93
222970,88
222970,67
222970,81
106863,97
106863,80
106863,97
106863,53
168640,74
168640,55
168640,64
168640,62
168640,66
292695,56
292695,64
292695,75
292695,97
292695,98
292695,73
292695,92
292695,71
292695,87
292695,71
450117,64
450117,93
450117,97
450117,90
450117,77
481856,97
481856,92
309059,68
309059,50
309059,57
309059,82
309059,90
309059,54
309059,56
309059,73
309059,94
309059,67
309059,88
309059,89
218287,80
218287,61
218287,73
218287,83
309246,66
309246,99
309246,59
309246,52
309246,66
309246,87
296008,62
296008,61
296008,66
296008,92
296008,64
462444,99
462444,81
462444,63
462444,78
462444,93
462444,92
462444,69
462444,60
201825,69
201825,64
201825,52
201825,57
201825,98
249012,73
249012,96
249012,100
249012,85
249012,74
249012,84
249012,87
212274,100
212274,57
212274,69
212274,70
